74.3119 24.568 7.75603 60
74.4805 24.5546 8.27795 60.1691
74.6898 24.5261 8.6109 60.3802
75.1813 24.541 9.10986 60.8698
75.7512 24.5702 9.78756 61.4393
76.4362 24.618 10.3718 62.1249
77.0294 24.6731 10.7878 62.7196
77.7704 24.6129 11.3069 63.4588
78.5256 24.4984 11.7546 64.2143
79.1626 24.3643 11.9854 64.855
79.7622 24.3424 12.4428 65.4549
80.3876 24.376 12.6367 66.0788
80.5347 24.7456 12.5344 66.2253
80.9049 24.7222 12.6254 66.5948
81.5209 24.6665 12.8424 67.2097
82.2698 24.6 13.1013 67.9579
83.0387 24.5443 13.3183 68.7269
83.715 24.5209 13.4093 69.4032
84.2824 24.653 13.1445 69.9709
84.8611 24.7103 12.904 70.5502
85.4484 24.7228 12.6839 71.1376
86.0488 24.6406 12.4906 71.7371
86.6026 24.6879 12.1641 72.2913
87.1551 24.7365 11.7575 72.8443
87.7498 24.787 11.4394 73.4397
88.4053 24.8338 10.8151 74.0959
88.7863 24.7547 10.6777 74.4756
89.1636 24.8533 10.3395 74.8544
89.5493 25.0703 9.82346 75.2457